Your input-parameter file: prm_pca.txt

--- TRAJECTORY INFORMATION --- 
COD1 <- ../samp/for_rmsd/traj/md_small.crd
REFPDBNAME <- ../samp/for_rmsd/traj/crystal_1st.pdb
PCAATOM <- heavy
STRIDE <- 1
STARTFRAME <- 1
SUPERPBASE <- YES
loading
../samp/for_rmsd/traj/md_small.crd        ../samp/for_rmsd/traj/crystal_1st.pdb
!!!! total_sel = 1799
!!!! total_step = 77
TOTAL FRAME = 77
TOTAL ATOM = 20156
TOTAL SELECTED ATOM = 1799

--- RESIDUE RANGE --- 
STARTCHAIN <- B
ENDCHAIN <- B
STARTRES <- 210
ENDRES <- 222
intra_start = 3167
intra_end = 3386
ATOM   3167  O   CYSSB 209       3.718  17.143  11.874 16.00 -0.57           O
ATOM   3168  N   ALA B 210       2.720  17.685  13.807 14.01 -0.42           N
...
ATOM   3387  O   TYR B 222       6.157  15.013  14.786 16.00 -0.57           O
ATOM   3388  N   TRP B 223       7.560  14.771  13.040 14.01 -0.42           N

--- ATOM SELECTION --- 
ATOM   3168  N   ALA B 210       2.720  17.685  13.807 14.01 -0.42           N
ATOM   3168  N   ALA B 210       2.720  17.685  13.807 14.01 -0.42           N
ATOM   3170  CA  ALA B 210       3.863  17.305  14.634 12.01  0.03           C
ATOM   3172  CB  ALA B 210       4.827  18.492  14.753 12.01 -0.18           C
ATOM   3176  C   ALA B 210       3.431  16.781  16.012 12.01  0.60           C
ATOM   3177  O   ALA B 210       2.640  17.411  16.723 16.00 -0.57           O
ATOM   3178  N   ARG+B 211       3.967  15.629  16.422 14.01 -0.35           N
ATOM   3180  CA  ARG+B 211       3.693  15.026  17.731 12.01 -0.26           C
ATOM   3182  CB  ARG+B 211       4.161  13.565  17.739 12.01  0.00           C
ATOM   3185  CG  ARG+B 211       3.625  12.847  18.984 12.01  0.04           C
ATOM   3188  CD  ARG+B 211       4.122  11.407  19.074 12.01  0.05           C
ATOM   3191  NE  ARG+B 211       5.499  11.317  19.595 14.01 -0.53           N
ATOM   3193  CZ  ARG+B 211       6.050  10.205  20.043 12.01  0.81           C
ATOM   3194  NH1 ARG+B 211       5.388   9.083  20.108 14.01 -0.86           N
ATOM   3197  NH2 ARG+B 211       7.283  10.178  20.440 14.01 -0.86           N
ATOM   3200  C   ARG+B 211       4.369  15.834  18.839 12.01  0.73           C
ATOM   3201  O   ARG+B 211       5.553  16.133  18.748 16.00 -0.59           O
ATOM   3202  N   GLY B 212       3.622  16.164  19.893 14.01 -0.42           N
ATOM   3204  CA  GLY B 212       4.111  16.898  21.063 12.01 -0.03           C
ATOM   3207  C   GLY B 212       4.327  16.016  22.296 12.01  0.60           C
ATOM   3208  O   GLY B 212       3.488  15.175  22.640 16.00 -0.57           O
ATOM   3209  N   ARG+B 213       5.422  16.252  23.026 14.01 -0.35           N
ATOM   3211  CA  ARG+B 213       5.807  15.503  24.236 12.01 -0.26           C
ATOM   3213  CB  ARG+B 213       7.330  15.254  24.228 12.01  0.00           C
ATOM   3216  CG  ARG+B 213       7.759  14.287  23.115 12.01  0.04           C
ATOM   3219  CD  ARG+B 213       7.238  12.854  23.340 12.01  0.05           C
ATOM   3222  NE  ARG+B 213       8.017  12.100  24.344 14.01 -0.53           N
ATOM   3224  CZ  ARG+B 213       9.170  11.485  24.124 12.01  0.81           C
ATOM   3225  NH1 ARG+B 213       9.810  11.543  22.993 14.01 -0.86           N
ATOM   3228  NH2 ARG+B 213       9.709  10.761  25.064 14.01 -0.86           N
ATOM   3231  C   ARG+B 213       5.310  16.158  25.519 12.01  0.73           C
ATOM   3232  O   ARG+B 213       6.098  16.652  26.323 16.00 -0.59           O
ATOM   3233  N   LEU B 214       3.994  16.114  25.737 14.01 -0.42           N
ATOM   3235  CA  LEU B 214       3.297  16.800  26.839 12.01 -0.05           C
ATOM   3237  CB  LEU B 214       1.828  16.327  26.832 12.01 -0.11           C
ATOM   3240  CG  LEU B 214       0.916  16.958  27.904 12.01  0.35           C
ATOM   3242  CD1 LEU B 214       0.958  18.485  27.898 12.01 -0.41           C
ATOM   3246  CD2 LEU B 214      -0.529  16.526  27.650 12.01 -0.41           C
ATOM   3250  C   LEU B 214       3.966  16.620  28.219 12.01  0.60           C
ATOM   3251  O   LEU B 214       4.222  17.596  28.915 16.00 -0.57           O
ATOM   3252  N   ARG+B 215       4.339  15.390  28.597 14.01 -0.35           N
ATOM   3254  CA  ARG+B 215       4.959  15.093  29.909 12.01 -0.26           C
ATOM   3256  CB  ARG+B 215       4.652  13.643  30.335 12.01  0.00           C
ATOM   3259  CG  ARG+B 215       3.151  13.289  30.345 12.01  0.04           C
ATOM   3262  CD  ARG+B 215       2.324  14.202  31.264 12.01  0.05           C
ATOM   3265  NE  ARG+B 215       0.885  13.885  31.201 14.01 -0.53           N
ATOM   3267  CZ  ARG+B 215      -0.070  14.468  31.908 12.01  0.81           C
ATOM   3268  NH1 ARG+B 215       0.182  15.408  32.777 14.01 -0.86           N
ATOM   3271  NH2 ARG+B 215      -1.313  14.109  31.758 14.01 -0.86           N
ATOM   3274  C   ARG+B 215       6.453  15.440  30.020 12.01  0.73           C
ATOM   3275  O   ARG+B 215       7.046  15.240  31.071 16.00 -0.59           O
ATOM   3276  N   ARG+B 216       7.059  15.988  28.961 14.01 -0.35           N
ATOM   3278  CA  ARG+B 216       8.392  16.621  28.981 12.01 -0.26           C
ATOM   3280  CB  ARG+B 216       9.335  15.930  27.982 12.01  0.00           C
ATOM   3283  CG  ARG+B 216       9.682  14.473  28.327 12.01  0.04           C
ATOM   3286  CD  ARG+B 216      10.789  14.007  27.373 12.01  0.05           C
ATOM   3289  NE  ARG+B 216      11.291  12.649  27.668 14.01 -0.53           N
ATOM   3291  CZ  ARG+B 216      12.212  12.023  26.948 12.01  0.81           C
ATOM   3292  NH1 ARG+B 216      12.702  12.535  25.858 14.01 -0.86           N
ATOM   3295  NH2 ARG+B 216      12.659  10.851  27.302 14.01 -0.86           N
ATOM   3298  C   ARG+B 216       8.330  18.139  28.746 12.01  0.73           C
ATOM   3299  O   ARG+B 216       9.360  18.757  28.493 16.00 -0.59           O
ATOM   3300  N   GLY B 217       7.134  18.727  28.814 14.01 -0.42           N
ATOM   3302  CA  GLY B 217       6.893  20.153  28.587 12.01 -0.03           C
ATOM   3305  C   GLY B 217       6.288  20.486  27.224 12.01  0.60           C
ATOM   3306  O   GLY B 217       5.857  21.612  27.036 16.00 -0.57           O
ATOM   3307  N   GLY B 218       6.205  19.538  26.286 14.01 -0.42           N
ATOM   3309  CA  GLY B 218       5.449  19.726  25.044 12.01 -0.03           C
ATOM   3312  C   GLY B 218       6.236  20.091  23.784 12.01  0.60           C
ATOM   3313  O   GLY B 218       5.578  20.434  22.806 16.00 -0.57           O
ATOM   3314  N   TYR B 219       7.570  19.981  23.756 14.01 -0.42           N
ATOM   3316  CA  TYR B 219       8.337  20.101  22.503 12.01  0.00           C
ATOM   3318  CB  TYR B 219       9.849  19.956  22.747 12.01 -0.02           C
ATOM   3321  CG  TYR B 219      10.321  18.598  23.234 12.01  0.00           C
ATOM   3322  CD1 TYR B 219      10.613  17.589  22.297 12.01 -0.19           C
ATOM   3324  CE1 TYR B 219      11.104  16.345  22.725 12.01 -0.23           C
ATOM   3326  CZ  TYR B 219      11.314  16.106  24.093 12.01  0.32           C
ATOM   3327  OH  TYR B 219      11.837  14.909  24.465 16.00 -0.56           O
ATOM   3329  CE2 TYR B 219      11.031  17.115  25.039 12.01 -0.23           C
ATOM   3331  CD2 TYR B 219      10.534  18.362  24.608 12.01 -0.19           C
ATOM   3333  C   TYR B 219       7.874  19.079  21.452 12.01  0.60           C
ATOM   3334  O   TYR B 219       7.345  18.013  21.798 16.00 -0.57           O
ATOM   3335  N   PHE B 220       8.087  19.389  20.173 14.01 -0.42           N
ATOM   3337  CA  PHE B 220       7.696  18.511  19.067 12.01  0.00           C
ATOM   3339  CB  PHE B 220       7.282  19.336  17.838 12.01 -0.03           C
ATOM   3342  CG  PHE B 220       6.276  20.453  18.082 12.01  0.01           C
ATOM   3343  CD1 PHE B 220       5.433  20.453  19.213 12.01 -0.13           C
ATOM   3345  CE1 PHE B 220       4.605  21.551  19.479 12.01 -0.17           C
ATOM   3347  CZ  PHE B 220       4.575  22.640  18.599 12.01 -0.11           C
ATOM   3349  CE2 PHE B 220       5.356  22.621  17.433 12.01 -0.17           C
